Sample_ID;barcode;PrimerF;PrimerR;Depth_sampling;Part;Unit;Clay;Silt;Sand;Core;ADN;Depth_reel;Depth_reel;;Date_min;Date_max;Date_median;Date_mean;taux_sedim;Clay2;Silt2;Sand2;dif_cm;dif_an;cm_an
A01;GACGAT;CCAGCASCYGCGGTAATTCC;ACTTTCGTTCTTGATYRA;1;I;I;23.46;50.28;26.26;A;296;1;1;1;;;;2022;;23.46;50.28;26.26;1;;
A03;ATTCTC;CCAGCASCYGCGGTAATTCC;ACTTTCGTTCTTGATYRA;3;I;I;16.96;52.63;30.41;A;540;3;3;3;2019;2024;2022;2022;;;;;2;0;
A05;CGAAGG;CCAGCASCYGCGGTAATTCC;ACTTTCGTTCTTGATYRA;5;I;I;22.58;56.15;21.27;A;333;5;5;5;2017;2021;2019;2019;1;22.58;56.15;21.27;2;3;0.666666666666667
A06;TTGAAG;CCAGCASCYGCGGTAATTCC;ACTTTCGTTCTTGATYRA;6;I;I;23.55;59.6;16.85;A;335;6;6;6;2015;2020;2017;2017;0.5;23.55;59.6;16.85;1;2;0.5
A08;AAAGTA;CCAGCASCYGCGGTAATTCC;ACTTTCGTTCTTGATYRA;8;I;I;28.3;53.88;17.82;A;290;8;8;8;2011;2018;2015;2015;1;28.3;53.88;17.82;2;2;1
A10;TCAGCG;CCAGCASCYGCGGTAATTCC;ACTTTCGTTCTTGATYRA;10;I;I;24.84;52.61;22.55;A;285;10;10;10;2008;2016;2012;2012;1;24.84;52.61;22.55;2;3;0.666666666666667
A12;AGGCGC;CCAGCASCYGCGGTAATTCC;ACTTTCGTTCTTGATYRA;12;I;I;16.47;57.59;25.95;A;196;12;12;12;2004;2015;2009;2009;1;16.47;57.59;25.95;2;3;0.666666666666667
A14;AATCCG;CCAGCASCYGCGGTAATTCC;ACTTTCGTTCTTGATYRA;14;I;I;16.34;50.72;32.94;A;225;14;14;14;2002;2013;2007;2007;1;16.34;50.72;32.94;2;2;1
A16;TGATGC;CCAGCASCYGCGGTAATTCC;ACTTTCGTTCTTGATYRA;16;I;I;9.88;37.15;52.97;A;69.1;16;16;16;1998;2012;2005;2005;1;9.88;37.15;52.97;2;2;1
A18;ATCTAT;CCAGCASCYGCGGTAATTCC;ACTTTCGTTCTTGATYRA;18;I;I;23.7;39.38;36.92;A;200;18;18;18;1993;2012;2004;2003;1;23.7;39.38;36.92;2;2;1
A20;TAGATC;CCAGCASCYGCGGTAATTCC;ACTTTCGTTCTTGATYRA;20;I;I;23.08;58.15;18.76;A;216;20;20;20;1988;2012;2002;2001;1;23.08;58.15;18.76;2;2;1
A22;GTGAAT;CCAGCASCYGCGGTAATTCC;ACTTTCGTTCTTGATYRA;22;I;I;26.11;57.22;16.66;A;273;20;21;20;1988;2012;2002;2001;1;;;;0;0;0
A24;AACGTC;CCAGCASCYGCGGTAATTCC;ACTTTCGTTCTTGATYRA;24;I;I;15.57;54.41;30.01;A;280;24;24;24;1978;2011;1999;1998;1;15.57;54.41;30.01;4;3;1.33333333333333
A26;TGTCGT;CCAGCASCYGCGGTAATTCC;ACTTTCGTTCTTGATYRA;26;I;I;32.44;62.06;5.48;A;258;26;26;26;1978;2007;1997;1995;1;32.44;62.06;5.48;2;3;0.666666666666667
A28;CACTAA;CCAGCASCYGCGGTAATTCC;ACTTTCGTTCTTGATYRA;28;I;I;27.11;62.58;10.32;A;227;28;28;28;1977;2005;1994;1993;1;27.11;62.58;10.32;2;2;1
A30;TTGACT;CCAGCASCYGCGGTAATTCC;ACTTTCGTTCTTGATYRA;30;I;I;22.57;54.1;23.32;A;165;30;30;30;1976;2004;1991;1991;1;22.57;54.1;23.32;2;2;1
A32;ACATTA;CCAGCASCYGCGGTAATTCC;ACTTTCGTTCTTGATYRA;32;I;I;14.35;44.41;41.24;A;70.9;32;32;32;1975;2004;1988;1989;1;14.35;44.41;41.24;2;2;1
A34;GGGTCT;CCAGCASCYGCGGTAATTCC;ACTTTCGTTCTTGATYRA;34;I;I;27.34;60.87;11.79;A;123;34;34;34;1971;2003;1986;1986;1;27.34;60.87;11.79;2;3;0.666666666666667
A36;CCAAGC;CCAGCASCYGCGGTAATTCC;ACTTTCGTTCTTGATYRA;36;I;I;19.5;48.06;32.44;A;116;36;36;36;1966;2003;1984;1984;1;19.5;48.06;32.44;2;2;1
A38;GCACTG;CCAGCASCYGCGGTAATTCC;ACTTTCGTTCTTGATYRA;38;I;I;27.66;60.3;12.03;A;94.3;38;38;38;1965;2001;1981;1981;0.5;27.66;60.3;12.03;2;3;0.666666666666667
A42;CGTTAA;CCAGCASCYGCGGTAATTCC;ACTTTCGTTCTTGATYRA;42;I;I;37.97;58.66;3.37;A;36.9;42;42;42;1961;1998;1976;1977;4;37.97;58.66;3.37;4;4;1
A46;GTGTAG;CCAGCASCYGCGGTAATTCC;ACTTTCGTTCTTGATYRA;46;II;II;32.89;63.42;3.69;A;77;46;46;46;1960;1997;1975;1976;4;32.89;63.42;3.69;4;1;4
A50;CACCTC;CCAGCASCYGCGGTAATTCC;ACTTTCGTTCTTGATYRA;50;II;II;27.67;63.3;9.02;A;22.2;50;50;50;1959;1994;1974;1975;3.03;27.67;63.3;9.02;4;1;4
A54;TAAATG;CCAGCASCYGCGGTAATTCC;ACTTTCGTTCTTGATYRA;54;II;II;34.99;56.2;8.8;A;74.7;54;54;54;1959;1992;1972;1973;2;34.99;56.2;8.8;4;2;2
A60;CTTGAC;CCAGCASCYGCGGTAATTCC;ACTTTCGTTCTTGATYRA;60;II;II;39.54;57.7;2.76;A;;60;60;60;1956;1991;1969;1971;2;39.54;57.7;2.76;6;2;3
A64;TTAAGG;CCAGCASCYGCGGTAATTCC;ACTTTCGTTCTTGATYRA;64;II;II;49.1;50.35;0.55;A;1.69;64;64;64;1956;1988;1968;1969;2;49.1;50.35;0.55;4;2;2
A68;AAGTAA;CCAGCASCYGCGGTAATTCC;ACTTTCGTTCTTGATYRA;68;II;II;43.83;54.09;2.08;A;17.1;68;68;68;1956;1986;1967;1968;3.03;43.83;54.09;2.08;4;1;4
B02;ACTGCG;CCAGCASCYGCGGTAATTCC;ACTTTCGTTCTTGATYRA;70;II;II;35.96;61;3.03;B;;70;70;70;1955;1985;1966;1967;3.03;35.96;61;3.03;2;1;2
B04;GCTTCG;CCAGCASCYGCGGTAATTCC;ACTTTCGTTCTTGATYRA;72;II;II;42.28;56.1;1.63;B;2.72;72;72;72;1954;1985;1965;1966;2;42.28;56.1;1.63;2;1;2
B08;AGAATC;CCAGCASCYGCGGTAATTCC;ACTTTCGTTCTTGATYRA;76;II;II;47.21;51.89;0.9;B;18.1;76;76;76;1954;1979;1964;1965;3.03;47.21;51.89;0.9;4;1;4
B16;GACTTT;CCAGCASCYGCGGTAATTCC;ACTTTCGTTCTTGATYRA;84;II;II;43.57;53.86;2.57;B;28.7;84;84;84;1953;1973;1962;1962;4;43.57;53.86;2.57;8;3;2.66666666666667
B20;CGGAAC;CCAGCASCYGCGGTAATTCC;ACTTTCGTTCTTGATYRA;88;II;II;32.13;62.48;5.39;B;;88;88;88;1952;1972;1961;1961;7;;;;4;1;4
B22;ATTTGT;CCAGCASCYGCGGTAATTCC;ACTTTCGTTCTTGATYRA;90;II;II;42.49;54.22;3.29;B;66.6;90;90;90;1952;1972;1961;1961;7;37.74;58.53;3.73;2;0;6.06060606060606
B24;GCCCAC;CCAGCASCYGCGGTAATTCC;ACTTTCGTTCTTGATYRA;92;II;II;38.61;58.88;2.5;B;79.3;92;92;92;1952;1972;1961;1961;7;;;;2;0;6.06060606060606
B26;AACCAT;CCAGCASCYGCGGTAATTCC;ACTTTCGTTCTTGATYRA;94;III;III;32.08;63.46;4.46;B;90.6;94;94;94;1951;1971;1960;1960;3.03;29.43;65.00;5.56;2;1;2
B28;GGGGGA;CCAGCASCYGCGGTAATTCC;ACTTTCGTTCTTGATYRA;96;III;III;26.83;66.52;6.66;B;75.3;96;96;96;1951;1971;1960;1960;3.03;;;;2;0;4
B30;TAGTAC;CCAGCASCYGCGGTAATTCC;ACTTTCGTTCTTGATYRA;98;III;III;24.75;67.35;7.89;B;90.8;98;98;98;1921;1968;1956;1952;0.25;24.75;67.35;7.89;2;8;0.25
B32;GTTCTT;CCAGCASCYGCGGTAATTCC;ACTTTCGTTCTTGATYRA;100;III;III;28.4;66.55;5.04;B;80.5;100;100;100;1882;1968;1953;1945;0.25;28.4;66.55;5.04;2;7;0.285714285714286
B34;ACAGAC;CCAGCASCYGCGGTAATTCC;ACTTTCGTTCTTGATYRA;102;III;III;26.73;67.41;5.85;B;66.2;102;102;102;1843;1968;1951;1937;0.25;26.73;67.41;5.85;2;8;0.25
B36;GTTGCG;CCAGCASCYGCGGTAATTCC;ACTTTCGTTCTTGATYRA;104;III;III;32.12;65.17;2.71;B;112;104;104;104;1804;1967;1949;1929;0.25;32.12;65.17;2.71;2;8;0.25
B38;AAACTC;CCAGCASCYGCGGTAATTCC;ACTTTCGTTCTTGATYRA;106;III;III;33.42;64.62;1.94;B;86.7;106;106;106;1764;1967;1947;1921;0.25;33.42;64.62;1.94;2;8;0.25
B42;AGAAGT;CCAGCASCYGCGGTAATTCC;ACTTTCGTTCTTGATYRA;110;III;III;33.93;60.94;5.13;B;34.3;110;110;110;1719;1964;1925;1902;0.166;33.93;60.94;5.13;4;19;0.210526315789474
B46;TCTTAA;CCAGCASCYGCGGTAATTCC;ACTTTCGTTCTTGATYRA;114;III;III;17.99;46.66;35.36;B;71.8;114;114;114;1700;1963;1900;1879;0.166;17.99;46.66;35.36;4;23;0.173913043478261
B52;CGCGTG;CCAGCASCYGCGGTAATTCC;ACTTTCGTTCTTGATYRA;120;III;III;32.12;59.22;8.67;B;59.8;120;120;120;1603;1963;1878;1845;0.166;32.12;59.22;8.67;6;34;0.176470588235294
B56;GCGCCC;CCAGCASCYGCGGTAATTCC;ACTTTCGTTCTTGATYRA;124;III;III;48.06;48.7;3.22;B;41.6;124;124;124;1594;1958;1843;1824;0.2;48.06;48.7;3.22;4;21;0.19047619047619
B60;AAGGCC;CCAGCASCYGCGGTAATTCC;ACTTTCGTTCTTGATYRA;128;III;IV;35.03;56.94;8.01;B;158;128;128;128;1581;1957;1810;1803;0.2;35.03;56.94;8.01;4;21;0.19047619047619
B64;TGCACG;CCAGCASCYGCGGTAATTCC;ACTTTCGTTCTTGATYRA;132;III;IV;27.97;59.05;12.98;B;41.2;132;132;132;1533;1957;1789;1781;0.166;27.97;59.05;12.98;4;22;0.181818181818182
B68;CAGTGA;CCAGCASCYGCGGTAATTCC;ACTTTCGTTCTTGATYRA;136;III;IV;22.08;59.46;18.47;B;81.2;136;136;136;1529;1948;1764;1759;0.2;22.08;59.46;18.47;4;22;0.181818181818182
B72;GCCGGT;CCAGCASCYGCGGTAATTCC;ACTTTCGTTCTTGATYRA;140;IV;IV;22.15;63.9;13.97;B;18.2;140;140;140;1520;1945;1729;1736;0.166;22.15;63.9;13.97;4;23;0.173913043478261
B76;CTTAAA;CCAGCASCYGCGGTAATTCC;ACTTTCGTTCTTGATYRA;144;IV;IV;26.63;66.38;6.98;B;27.2;144;144;144;1491;1943;1701;1713;0.166;26.63;66.38;6.98;4;23;0.173913043478261
B78;TAAGGG;CCAGCASCYGCGGTAATTCC;ACTTTCGTTCTTGATYRA;146;IV;IV;24.88;66.79;8.34;B;72.5;146;146;146;1491;1938;1697;1708;0.333;24.88;66.79;8.34;2;5;0.4
B80;ATCGTT;CCAGCASCYGCGGTAATTCC;ACTTTCGTTCTTGATYRA;148;IV;IV;23.3;64.23;12.47;B;44.1;148;148;148;1491;1938;1692;1702;0.333;23.3;64.23;12.47;2;6;0.333333333333333
B84;GAGCAA;CCAGCASCYGCGGTAATTCC;ACTTTCGTTCTTGATYRA;152;IV;IV;25.77;68.25;5.98;B;58.5;152;152;152;1486;1937;1678;1690;0.333;25.77;68.25;5.98;4;12;0.333333333333333
C06;GGCCTC;CCAGCASCYGCGGTAATTCC;ACTTTCGTTCTTGATYRA;160;IV;IV;20.26;58.59;21.16;C;32.9;160;160;160;1471;1871;1654;1660;0.2;20.26;58.59;21.16;8;30;0.266666666666667
C10;ATCGGG;CCAGCASCYGCGGTAATTCC;ACTTTCGTTCTTGATYRA;164;IV;IV;23.85;59.51;16.64;C;31;164;164;164;1464;1854;1637;1641;0.2;23.85;59.51;16.64;4;19;0.210526315789474
C14;AGTCGG;CCAGCASCYGCGGTAATTCC;ACTTTCGTTCTTGATYRA;168;IV;IV;20.91;70.89;8.19;C;46.5;168;168;168;1449;1849;1616;1622;0.2;20.91;70.89;8.19;4;19;0.210526315789474
C18;TACTCA;CCAGCASCYGCGGTAATTCC;ACTTTCGTTCTTGATYRA;172;IV;IV;25.36;69.67;4.98;C;;172;172;172;1403;1814;1580;1586;0.111;25.36;69.67;4.98;4;36;0.111111111111111
C22;ATAACG;CCAGCASCYGCGGTAATTCC;ACTTTCGTTCTTGATYRA;176;IV;IV;18.11;61;20.89;C;36.9;176;176;176;1302;1808;1555;1551;0.111;18.11;61;20.89;4;35;0.114285714285714
C26;GAGGGC;CCAGCASCYGCGGTAATTCC;ACTTTCGTTCTTGATYRA;180;IV;IV;17.86;55.95;26.19;C;37.1;177;177;177;1272;1806;1551;1542;0.111;17.86;55.95;26.19;1;9;0.111111111111111
C30;TACAAG;CCAGCASCYGCGGTAATTCC;ACTTTCGTTCTTGATYRA;184;IV;IV;9.62;50.43;39.96;C;12.2;184;184;184;1165;1765;1501;1485;0.125;9.62;50.43;39.96;7;57;0.12280701754386
C34;CGTTTC;CCAGCASCYGCGGTAATTCC;ACTTTCGTTCTTGATYRA;188;IV;IV;9.06;46.22;44.72;C;23.3;188;188;188;1152;1755;1462;1455;0.125;9.06;46.22;44.72;4;30;0.133333333333333
C38;CCCGTT;CCAGCASCYGCGGTAATTCC;ACTTTCGTTCTTGATYRA;192;IV;IV;29.06;56.18;14.74;C;33.9;192;192;192;1104;1751;1431;1426;0.143;29.06;56.18;14.74;4;29;0.137931034482759
C40;GGTCAC;CCAGCASCYGCGGTAATTCC;ACTTTCGTTCTTGATYRA;194;IV;IV;28.01;67.44;4.54;C;19.9;194;194;194;1101;1701;1412;1406;0.1;28.01;67.44;4.54;2;20;0.1
C42;AGTGCT;CCAGCASCYGCGGTAATTCC;ACTTTCGTTCTTGATYRA;196;IV;IV;26.22;65.18;8.6;C;26;196;196;196;1098;1678;1390;1387;0.111;26.22;65.18;8.6;2;19;0.105263157894737
C46;GACATC;CCAGCASCYGCGGTAATTCC;ACTTTCGTTCTTGATYRA;200;IV;IV;20.38;61.15;18.47;C;16.7;200;200;200;1088;1661;1333;1348;0.1;20.38;61.15;18.47;4;39;0.102564102564103
C50;CCCGGC;CCAGCASCYGCGGTAATTCC;ACTTTCGTTCTTGATYRA;204;V;V;24.91;68.03;7.07;C;27.3;204;204;204;1055;1655;1279;1309;0.1;24.91;68.03;7.07;4;39;0.102564102564103
C54;CTCGGT;CCAGCASCYGCGGTAATTCC;ACTTTCGTTCTTGATYRA;208;V;V;18.96;57.89;23.14;C;27.4;208;208;208;1052;1524;1263;1275;0.125;18.96;57.89;23.14;4;34;0.117647058823529
C58;TCGAAC;CCAGCASCYGCGGTAATTCC;ACTTTCGTTCTTGATYRA;212;V;V;14.09;47.1;38.81;C;14.8;212;212;212;1050;1462;1238;1241;0.125;14.09;47.1;38.81;4;34;0.117647058823529
C62;GTGTTT;CCAGCASCYGCGGTAATTCC;ACTTTCGTTCTTGATYRA;216;V;V;11.88;47.3;40.83;C;22.5;216;216;216;1028;1428;1206;1207;0.125;11.88;47.3;40.83;4;34;0.117647058823529
C64;ACCCCC;CCAGCASCYGCGGTAATTCC;ACTTTCGTTCTTGATYRA;218;V;V;15.99;54.51;29.5;C;30;218;218;218;1018;1417;1195;1195;0.166;15.99;54.51;29.5;2;12;0.166666666666667
C66;ACTTTT;CCAGCASCYGCGGTAATTCC;ACTTTCGTTCTTGATYRA;220;V;V;25.54;55.02;19.44;C;20.9;220;220;220;982;1404;1184;1182;0.143;25.54;55.02;19.44;2;13;0.153846153846154
C70;GGCCAA;CCAGCASCYGCGGTAATTCC;ACTTTCGTTCTTGATYRA;224;V;V;31.37;61.64;7;C;35.5;224;224;224;839;1395;1169;1158;0.166;31.37;61.64;7;4;24;0.166666666666667
C72;GACAGT;CCAGCASCYGCGGTAATTCC;ACTTTCGTTCTTGATYRA;226;V;V;23.92;57.48;18.61;C;18.4;226;226;226;772;1394;1163;1146;0.166;23.92;57.48;18.61;2;12;0.166666666666667
Blc.E1;ATGTCA;CCAGCASCYGCGGTAATTCC;ACTTTCGTTCTTGATYRA;Blc;;;Blc;Blc;Blc;Blc;;Blc;Blc;;;;;;;Blc;Blc;Blc;;;
Blc.E10;GTCGGC;CCAGCASCYGCGGTAATTCC;ACTTTCGTTCTTGATYRA;Blc;;;Blc;Blc;Blc;Blc;;Blc;Blc;;;;;;;Blc;Blc;Blc;;;
Blc.E11;TGTAAA;CCAGCASCYGCGGTAATTCC;ACTTTCGTTCTTGATYRA;Blc;;;Blc;Blc;Blc;Blc;;Blc;Blc;;;;;;;Blc;Blc;Blc;;;
Blc.E12;CAGCGT;CCAGCASCYGCGGTAATTCC;ACTTTCGTTCTTGATYRA;Blc;;;Blc;Blc;Blc;Blc;;Blc;Blc;;;;;;;Blc;Blc;Blc;;;
Blc.E13;GGATCA;CCAGCASCYGCGGTAATTCC;ACTTTCGTTCTTGATYRA;Blc;;;Blc;Blc;Blc;Blc;;Blc;Blc;;;;;;;Blc;Blc;Blc;;;
Blc.E14;CCCCAT;CCAGCASCYGCGGTAATTCC;ACTTTCGTTCTTGATYRA;Blc;;;Blc;Blc;Blc;Blc;;Blc;Blc;;;;;;;Blc;Blc;Blc;;;
Blc.E15;TTGTGA;CCAGCASCYGCGGTAATTCC;ACTTTCGTTCTTGATYRA;Blc;;;Blc;Blc;Blc;Blc;;Blc;Blc;;;;;;;Blc;Blc;Blc;;;
Blc.E16;AGATAG;CCAGCASCYGCGGTAATTCC;ACTTTCGTTCTTGATYRA;Blc;;;Blc;Blc;Blc;Blc;;Blc;Blc;;;;;;;Blc;Blc;Blc;;;
Blc.E17;CCTGCT;CCAGCASCYGCGGTAATTCC;ACTTTCGTTCTTGATYRA;Blc;;;Blc;Blc;Blc;Blc;;Blc;Blc;;;;;;;Blc;Blc;Blc;;;
Blc.E18;TTACTC;CCAGCASCYGCGGTAATTCC;ACTTTCGTTCTTGATYRA;Blc;;;Blc;Blc;Blc;Blc;;Blc;Blc;;;;;;;Blc;Blc;Blc;;;
Blc.E19;ATTAGG;CCAGCASCYGCGGTAATTCC;ACTTTCGTTCTTGATYRA;Blc;;;Blc;Blc;Blc;Blc;;Blc;Blc;;;;;;;Blc;Blc;Blc;;;
Blc.E20;GCCTAA;CCAGCASCYGCGGTAATTCC;ACTTTCGTTCTTGATYRA;Blc;;;Blc;Blc;Blc;Blc;;Blc;Blc;;;;;;;Blc;Blc;Blc;;;
Blc.E21;AAAGCG;CCAGCASCYGCGGTAATTCC;ACTTTCGTTCTTGATYRA;Blc;;;Blc;Blc;Blc;Blc;;Blc;Blc;;;;;;;Blc;Blc;Blc;;;
Blc.E2;GCAGCT;CCAGCASCYGCGGTAATTCC;ACTTTCGTTCTTGATYRA;Blc;;;Blc;Blc;Blc;Blc;;Blc;Blc;;;;;;;Blc;Blc;Blc;;;
Blc.E3;CGTCGC;CCAGCASCYGCGGTAATTCC;ACTTTCGTTCTTGATYRA;Blc;;;Blc;Blc;Blc;Blc;;Blc;Blc;;;;;;;Blc;Blc;Blc;;;
Blc.E4;CGTTGG;CCAGCASCYGCGGTAATTCC;ACTTTCGTTCTTGATYRA;Blc;;;Blc;Blc;Blc;Blc;;Blc;Blc;;;;;;;Blc;Blc;Blc;;;
Blc.E5;ACCAGG;CCAGCASCYGCGGTAATTCC;ACTTTCGTTCTTGATYRA;Blc;;;Blc;Blc;Blc;Blc;;Blc;Blc;;;;;;;Blc;Blc;Blc;;;
Blc.E6;TGTGCC;CCAGCASCYGCGGTAATTCC;ACTTTCGTTCTTGATYRA;Blc;;;Blc;Blc;Blc;Blc;;Blc;Blc;;;;;;;Blc;Blc;Blc;;;
Blc.E7;GGACTT;CCAGCASCYGCGGTAATTCC;ACTTTCGTTCTTGATYRA;Blc;;;Blc;Blc;Blc;Blc;;Blc;Blc;;;;;;;Blc;Blc;Blc;;;
Blc.E8;CCGTCA;CCAGCASCYGCGGTAATTCC;ACTTTCGTTCTTGATYRA;Blc;;;Blc;Blc;Blc;Blc;;Blc;Blc;;;;;;;Blc;Blc;Blc;;;
Blc.E9;CATCCT;CCAGCASCYGCGGTAATTCC;ACTTTCGTTCTTGATYRA;Blc;;;Blc;Blc;Blc;Blc;;Blc;Blc;;;;;;;Blc;Blc;Blc;;;
Blc.PCR1;TTGCTA;CCAGCASCYGCGGTAATTCC;ACTTTCGTTCTTGATYRA;Blc;;;Blc;Blc;Blc;Blc;;Blc;Blc;;;;;;;Blc;Blc;Blc;;;
Blc.PCR2;TCTTCT;CCAGCASCYGCGGTAATTCC;ACTTTCGTTCTTGATYRA;Blc;;;Blc;Blc;Blc;Blc;;Blc;Blc;;;;;;;Blc;Blc;Blc;;;
